0.0 0.0 0.996939862928 0.0 0.0 0.0 
0.0 0.0354847250354 0.960869203164 0.0 0.0 0.0 
0.0 0.0 0.0452288774667 0.0 0.910905058998 0.0430227755727 
0.0 0.0 0.0961033945071 0.0 0.902584955858 0.0 
0.0 0.0 0.346126796605 0.0 0.648451862275 0.0 
0.0 0.0 0.99888632443 0.0 0.0 0.0 
0.0 0.0 0.514621982334 0.0 0.482139174946 0.0 
0.0 0.208444206642 0.0404753551534 0.0 0.0 0.743202650348 
0.998564962778 0.0 0.0 0.0 0.0 0.0 
0.0 0.0 0.0 0.0 0.0 0.994678148593 
0.0 0.0 0.0 0.0 0.93403887165 0.0584119345654 
0.0 0.0 0.144271740669 0.841791089369 0.0132090516298 0.0 
0.988840637379 0.0 0.0 0.0 0.0 0.0 
0.809118040379 0.18453927412 0.0 0.0 0.0 0.0 
0.0 0.0 0.987905725328 0.0 0.0 0.0 
0.994538356709 0.0 0.0 0.0 0.0 0.0 
0.99706013419 0.0 0.0 0.0 0.0 0.0 
0.0 0.0 0.0 0.0 0.990977200092 0.0 
0.0 0.87270927866 0.126150836962 0.0 0.0 0.0 
0.417535056909 0.0 0.0 0.488967859786 0.0888289942986 0.0 
0.0 0.0 0.0358022645697 0.0 0.963710287996 0.0 
0.685982599488 0.0 0.0 0.0 0.312860138605 0.0 
0.0 0.0 0.0 0.0 0.52226743584 0.476568322187 
0.0 0.0 0.994221668531 0.0 0.0 0.0 
0.894274992852 0.100559755713 0.0 0.0 0.0 0.0 
0.0 0.852051843179 0.138156710724 0.0 0.0 0.0 
0.99038646517 0.0 0.0 0.0 0.0 0.0 
0.0 0.0 0.17182780798 0.0 0.599317583456 0.225346258875 
0.945749804054 0.0 0.0 0.0 0.0489949898167 0.0 
0.0 0.0 0.0 0.99792766368 0.0 0.0 
0.0 0.0514525155844 0.0 0.0 0.0 0.942038743874 
0.0 0.0 0.0 0.186023497709 0.0 0.809134045162 
0.0406075095357 0.0 0.876527939901 0.071980617169 0.0 0.0 
0.442796221363 0.181557646096 0.371692797063 0.0 0.0 0.0 
0.0 0.0 0.954656880227 0.0 0.0409132114032 0.0 
0.0 0.0 0.0 0.998588855459 0.0 0.0 
0.0 0.615281478497 0.0 0.0 0.0 0.383597740567 
0.103444367394 0.0 0.0 0.0 0.887699596793 0.0 
0.0 0.0 0.936265297731 0.0 0.0595028034158 0.0 
0.0549417569268 0.0 0.0 0.0765525501875 0.867032680308 0.0 
0.0 0.0498221267683 0.0 0.947738485724 0.0 0.0 
0.995046380595 0.0 0.0 0.0 0.0 0.0 
0.0 0.0 0.0 0.99555919828 0.0 0.0 
0.519072863312 0.0 0.0 0.471656549389 0.0 0.0 
0.34738259503 0.0 0.0 0.0 0.0 0.651072387071 
0.0288699459477 0.0 0.968540167661 0.0 0.0 0.0 
0.0 0.0 0.995306199699 0.0 0.0 0.0 
0.0 0.0 0.0 0.992561021668 0.0 0.0 
0.0180535995825 0.0 0.339670697343 0.0 0.0 0.633213260395 
0.471802495212 0.473180584052 0.0 0.0519571987596 0.0 0.0 
0.0 0.998492715539 0.0 0.0 0.0 0.0 
0.0 0.899270902966 0.0 0.0972668066586 0.0 0.0 
0.0 0.0 0.0 0.993724831849 0.0 0.0 
0.0 0.0 0.995968443839 0.0 0.0 0.0 
0.0 0.992360876073 0.0 0.0 0.0 0.0 
0.0 0.991148992293 0.0 0.0 0.0 0.0 
0.0 0.0 0.754367778764 0.236301655072 0.0 0.0 
0.0 0.98944183597 0.0 0.0 0.0 0.0 
0.0 0.0 0.0 0.0 0.0 0.996423256687 
0.997973353046 0.0 0.0 0.0 0.0 0.0 
0.993090255386 0.0 0.0 0.0 0.0 0.0 
0.99501863344 0.0 0.0 0.0 0.0 0.0 
0.697280151596 0.122429439869 0.0 0.178339355859 0.0 0.0 
0.993511548208 0.0 0.0 0.0 0.0 0.0 
0.0 0.996715248645 0.0 0.0 0.0 0.0 
0.0 0.0 0.0 0.0 0.996714960057 0.0 
0.0 0.0 0.0 0.997491054699 0.0 0.0 
0.0 0.533941104791 0.46191338478 0.0 0.0 0.0 
0.0 0.0 0.983729686447 0.0 0.0 0.0 
0.0 0.0 0.351153496191 0.646680302235 0.0 0.0 
0.0 0.995515032433 0.0 0.0 0.0 0.0 
0.0 0.0 0.0 0.998595853308 0.0 0.0 
0.0 0.0 0.991877080894 0.0 0.0 0.0 
0.0 0.996063634063 0.0 0.0 0.0 0.0 
0.330682604383 0.0 0.0 0.0 0.665570056579 0.0 
0.0 0.0 0.0 0.0 0.995898363987 0.0 
0.993610147361 0.0 0.0 0.0 0.0 0.0 
0.999269110309 0.0 0.0 0.0 0.0 0.0 
0.131643413077 0.0 0.0 0.860067941437 0.0 0.0 
0.682304486857 0.0 0.0 0.0 0.0 0.316800665107 
0.996813379753 0.0 0.0 0.0 0.0 0.0 
0.0 0.0 0.0353534761751 0.952701133207 0.0 0.0 
0.0 0.99855690808 0.0 0.0 0.0 0.0 
0.998003686861 0.0 0.0 0.0 0.0 0.0 
0.0 0.0 0.0 0.0 0.0 0.997298673833 
0.0 0.0 0.0 0.98933984415 0.0 0.0 
0.0 0.678542658552 0.313210803046 0.0 0.0 0.0 
0.0 0.186757605883 0.0 0.0 0.404393483335 0.407433024142 
0.0 0.0 0.0 0.99222933155 0.0 0.0 
0.0 0.0 0.994555937922 0.0 0.0 0.0 
0.0 0.0 0.994295337675 0.0 0.0 0.0 
0.997978509005 0.0 0.0 0.0 0.0 0.0 
0.664125086807 0.108887317401 0.223103657408 0.0 0.0 0.0 
0.0 0.0 0.988002295488 0.0 0.0 0.0 
0.0 0.0 0.0841903955411 0.0 0.0 0.914607802111 
0.422080910113 0.0 0.0 0.576127200778 0.0 0.0 
0.0 0.719116154877 0.0524579374774 0.0 0.217024920964 0.0 
0.0 0.997510752844 0.0 0.0 0.0 0.0 
0.0 0.356225652436 0.0 0.641142045678 0.0 0.0 
0.995604326033 0.0 0.0 0.0 0.0 0.0 
0.0 0.0 0.0 0.0 0.996628803535 0.0 
0.389773528813 0.578423130849 0.0 0.0 0.0285499424115 0.0 
0.0 0.0 0.0 0.0 0.974988247373 0.01884892983 
0.0 0.0 0.0 0.0 0.0 0.996593428158 
0.0 0.0 0.0 0.0 0.99318223569 0.0 
0.0 0.0 0.0 0.56183516946 0.433626590068 0.0 
0.0 0.0 0.0 0.0 0.985781477302 0.0 
0.0641999943004 0.876182779975 0.0 0.0582591652525 0.0 0.0 
0.0 0.0 0.0 0.997884882792 0.0 0.0 
0.0 0.0 0.986270801067 0.0 0.0 0.0 
0.0 0.0 0.0 0.0 0.0 0.993485357404 
0.0 0.0 0.0 0.977270594436 0.0 0.0 
0.0 0.0 0.994479049804 0.0 0.0 0.0 
0.0 0.0540306453857 0.0 0.944052873421 0.0 0.0 
0.996707020032 0.0 0.0 0.0 0.0 0.0 
0.0 0.0 0.283873472469 0.0 0.702525595657 0.0 
0.0 0.0 0.988118453324 0.0 0.0 0.0 
0.0 0.0 0.832665851909 0.0 0.0 0.16358377087 
0.0 0.9825081661 0.0158208166229 0.0 0.0 0.0 
0.0 0.0 0.841178205624 0.0 0.0 0.155034185602 
0.0 0.0 0.0 0.997475047775 0.0 0.0 
0.0 0.0 0.996280417799 0.0 0.0 0.0 
0.997503260661 0.0 0.0 0.0 0.0 0.0 
0.0 0.501513082367 0.0 0.0 0.494847319855 0.0 
0.0 0.0 0.0 0.992239866056 0.0 0.0 
0.999187022981 0.0 0.0 0.0 0.0 0.0 
